0 0 1 0 15.0340 0.0000
0 1 0 0 24.4730 0.2500
0 1 0 0 22.1960 0.2500
0 1 0 0 20.1760 0.2500
0 1 0 0 20.0860 0.2500
0 0 0 1 100.0120 0.0000
0 1 0 0 20.4710 0.2500
0 1 0 0 20.8010 0.2500
0 1 0 0 21.8980 0.2500
0 0 0 1 100.0480 0.0000
6 1 0 0 28.7750 0.2165
6 0 1 0 11.9220 0.0000
6 1 0 0 22.8710 0.2500
6 1 0 0 19.7290 0.2500
6 1 0 0 22.7710 0.2500
6 1 0 0 22.1940 0.2500
6 1 0 0 21.1400 0.2500
6 1 0 0 18.5340 0.2500
6 1 0 0 22.3490 0.2500
6 0 0 1 100.0050 0.0000
12 1 0 0 22.8930 0.2500
12 0 1 0 15.9450 0.0000
12 0 1 0 13.8300 0.0000
12 1 0 0 21.3180 0.2500
12 0 0 1 100.1050 0.0000
12 0 1 0 15.3830 0.0000
12 1 0 0 22.7310 0.2500
12 0 0 1 100.0840 0.0000
12 1 0 0 19.1520 0.2500
12 1 0 0 24.0640 0.2449
18 1 0 0 16.8740 0.2500
18 1 0 0 24.4450 0.2363
18 1 0 0 17.1350 0.2500
18 1 0 0 18.5780 0.2500
18 1 0 0 23.2770 0.2481
18 1 0 0 19.0990 0.2500
18 1 0 0 39.3470 0.1468
18 0 0 1 100.0940 0.0000
18 1 0 0 17.0010 0.2500
18 1 0 0 18.1120 0.2500
24 1 0 0 21.3760 0.2500
24 1 0 0 20.6130 0.2500
24 1 0 0 20.8900 0.2500
24 1 0 0 20.0940 0.2500
24 1 0 0 21.9830 0.2500
24 1 0 0 20.4580 0.2500
24 1 0 0 20.2020 0.2500
24 1 0 0 20.1690 0.2500
24 1 0 0 22.0870 0.2500
24 1 0 0 21.6860 0.2500
30 0 1 0 14.0820 0.0000
30 1 0 0 22.2470 0.2500
30 0 1 0 23.3290 0.0000
30 0 0 1 100.0690 0.0000
30 0 0 1 100.0000 0.0000
30 1 0 0 24.5520 0.2412
30 1 0 0 27.7880 0.2131
30 1 0 0 25.2950 0.2341
30 1 0 0 27.8420 0.2127
30 0 0 1 100.0660 0.0000
36 1 0 0 19.6620 0.2500
36 1 0 0 18.7500 0.2500
36 1 0 0 19.2120 0.2500
36 1 0 0 18.3110 0.2500
36 1 0 0 18.7740 0.2500
36 0 0 1 100.0130 0.0000
36 0 0 1 100.0260 0.0000
36 1 0 0 18.9490 0.2500
36 1 0 0 17.0340 0.2500
36 1 0 0 16.3820 0.2500
42 0 0 1 100.1020 0.0000
42 1 0 0 19.3000 0.2500
42 1 0 0 18.6500 0.2500
42 1 0 0 18.2570 0.2500
42 0 0 1 100.0610 0.0000
42 1 0 0 18.5740 0.2500
42 1 0 0 33.0510 0.1733
42 1 0 0 46.8520 0.1250
42 1 0 0 21.5970 0.2500
42 0 0 1 100.0460 0.0000
48 1 0 0 29.8000 0.1915
48 1 0 0 28.8880 0.1975
48 1 0 0 29.1060 0.1960
48 0 1 0 38.4210 0.0000
48 1 0 0 27.2120 0.2097
48 0 0 1 100.0980 0.0000
48 0 0 1 100.0330 0.0000
48 1 0 0 70.6950 0.1250
48 0 0 1 100.0080 0.0000
48 1 0 0 28.1850 0.2025
54 0 1 0 14.5340 0.0000
54 1 0 0 19.0510 0.2500
54 1 0 0 17.8250 0.2500
54 1 0 0 18.8000 0.2500
54 1 0 0 22.6670 0.2497
54 1 0 0 48.5780 0.1250
54 1 0 0 17.9970 0.2500
54 1 0 0 19.9620 0.2500
54 1 0 0 97.0160 0.1250
54 1 0 0 18.9590 0.2500
60 0 1 0 13.8300 0.0000
60 1 0 0 20.6720 0.2500
60 1 0 0 18.4670 0.2500
60 0 0 1 100.0180 0.0000
60 0 0 1 100.0910 0.0000
60 1 0 0 21.5980 0.2500
60 1 0 0 19.2680 0.2500
60 0 0 1 100.0290 0.0000
60 1 0 0 22.0570 0.2500
60 1 0 0 18.4980 0.2500
66 1 0 0 28.5850 0.1882
66 0 1 0 16.8520 0.0000
66 0 1 0 16.2800 0.0000
66 0 0 1 100.0880 0.0000
66 0 0 1 100.0570 0.0000
66 0 1 0 13.9420 0.0000
66 0 1 0 13.9920 0.0000
66 0 1 0 15.3900 0.0000
66 0 1 0 16.9270 0.0000
66 0 1 0 19.1890 0.0000
72 0 0 1 100.0290 0.0000
72 0 0 1 100.0510 0.0000
72 1 0 0 18.4990 0.2500
72 0 0 1 100.0170 0.0000
72 1 0 0 17.4900 0.2500
72 0 0 1 100.0830 0.0000
72 1 0 0 18.7990 0.2500
72 0 0 1 100.0500 0.0000
72 1 0 0 18.0880 0.2500
72 0 0 1 100.0930 0.0000
78 1 0 0 20.6810 0.2500
78 1 0 0 19.5410 0.2500
78 1 0 0 21.7490 0.2500
78 0 0 1 100.0700 0.0000
78 1 0 0 21.6100 0.2500
78 1 0 0 21.6430 0.2500
78 1 0 0 21.9000 0.2500
78 0 0 1 100.0810 0.0000
78 1 0 0 21.4150 0.2500
78 1 0 0 21.1320 0.2500
84 0 0 1 100.0740 0.0000
84 1 0 0 19.9300 0.2500
84 1 0 0 19.6560 0.2500
84 1 0 0 22.3310 0.2455
84 0 0 1 100.0040 0.0000
84 0 1 0 20.2710 0.0000
84 1 0 0 28.1300 0.1949
84 0 0 1 100.0120 0.0000
84 1 0 0 21.7240 0.2500
84 1 0 0 20.0020 0.2500
90 1 0 0 22.2180 0.2500
90 0 0 1 100.0690 0.0000
90 1 0 0 25.4020 0.2219
90 1 0 0 91.0000 0.1250
90 1 0 0 24.8300 0.2270
90 1 0 0 23.6140 0.2387
90 1 0 0 73.7170 0.1250
90 1 0 0 23.4360 0.2405
90 0 0 1 100.0030 0.0000
90 0 0 1 100.0810 0.0000
96 0 0 1 100.0120 0.0000
96 1 0 0 27.5540 0.1975
96 1 0 0 18.9460 0.2500
96 1 0 0 22.1370 0.2459
96 1 0 0 21.5080 0.2500
96 0 0 1 100.0630 0.0000
96 0 0 1 100.0110 0.0000
96 1 0 0 21.3600 0.2500
96 0 0 1 100.0080 0.0000
96 1 0 0 19.7370 0.2500
102 0 1 0 21.6780 0.0000
102 1 0 0 22.3950 0.2349
102 0 0 1 100.0140 0.0000
102 1 0 0 23.2210 0.2265
102 1 0 0 23.4140 0.2247
102 1 0 0 25.1570 0.2091
102 1 0 0 23.5370 0.2235
102 0 0 1 100.0150 0.0000
102 1 0 0 21.8000 0.2413
102 0 1 0 23.3590 0.0000
108 0 0 1 100.0070 0.0000
108 1 0 0 19.4050 0.2500
108 1 0 0 29.0410 0.1835
108 1 0 0 17.2510 0.2500
108 0 0 1 100.0540 0.0000
108 0 0 1 100.0850 0.0000
108 1 0 0 18.3170 0.2500
108 0 0 1 100.0250 0.0000
108 0 0 1 100.0630 0.0000
108 1 0 0 18.4780 0.2500
114 1 0 0 27.3280 0.2273
114 0 1 0 15.8660 0.0000
114 0 1 0 17.5160 0.0000
114 1 0 0 23.5460 0.2500
114 1 0 0 26.3750 0.2355
114 1 0 0 23.4420 0.2500
114 0 1 0 19.1710 0.0000
114 1 0 0 28.0040 0.2218
114 1 0 0 33.9940 0.1827
114 1 0 0 25.1980 0.2465
120 1 0 0 24.9840 0.2338
120 1 0 0 22.3990 0.2500
120 1 0 0 27.1620 0.2150
120 0 0 1 100.0340 0.0000
120 1 0 0 25.6940 0.2273
120 1 0 0 25.1710 0.2320
120 0 0 1 100.0320 0.0000
120 0 1 0 16.5800 0.0000
120 1 0 0 24.7470 0.2360
120 1 0 0 26.1940 0.2230
126 1 0 0 23.0790 0.2419
126 1 0 0 23.7590 0.2350
126 1 0 0 25.0300 0.2231
126 0 1 0 22.0360 0.0000
126 1 0 0 23.6660 0.2359
126 1 0 0 22.0550 0.2500
126 0 1 0 20.4840 0.0000
126 0 1 0 20.9640 0.0000
126 0 0 1 100.0550 0.0000
126 1 0 0 24.5840 0.2271
132 0 1 0 20.6780 0.0000
132 0 1 0 24.3500 0.0000
132 0 1 0 43.4380 0.0000
132 0 1 0 35.6350 0.0000
132 0 1 0 38.3600 0.0000
132 1 0 0 26.3670 0.2104
132 0 1 0 19.4520 0.0000
132 1 0 0 23.3680 0.2374
132 0 1 0 27.0820 0.0000
132 0 1 0 20.3950 0.0000
138 0 1 0 20.7730 0.0000
138 1 0 0 28.1450 0.2424
138 1 0 0 75.6060 0.1250
138 0 0 1 100.0910 0.0000
138 0 0 1 100.0510 0.0000
138 1 0 0 28.7520 0.2373
138 0 0 1 100.0020 0.0000
138 1 0 0 28.6080 0.2385
138 0 1 0 14.1730 0.0000
138 0 1 0 21.3340 0.0000
144 1 0 0 20.4260 0.2500
144 1 0 0 33.9240 0.1611
144 0 0 1 100.0020 0.0000
144 0 0 1 100.0500 0.0000
144 1 0 0 22.5480 0.2424
144 1 0 0 19.6010 0.2500
144 0 1 0 13.6110 0.0000
144 1 0 0 21.3980 0.2500
144 1 0 0 20.2860 0.2500
144 1 0 0 22.4600 0.2433
150 0 1 0 14.2830 0.0000
150 1 0 0 26.8930 0.2012
150 1 0 0 23.3150 0.2321
150 0 1 0 14.9940 0.0000
150 1 0 0 23.0490 0.2347
150 0 0 1 100.0800 0.0000
150 1 0 0 23.7290 0.2280
150 1 0 0 22.7240 0.2381
150 1 0 0 20.8920 0.2500
150 1 0 0 80.0440 0.1250
156 1 0 0 18.4230 0.2500
156 1 0 0 19.1610 0.2500
156 1 0 0 16.0140 0.2500
156 1 0 0 17.5780 0.2500
156 0 0 1 100.0310 0.0000
156 0 0 1 100.0410 0.0000
156 1 0 0 42.4890 0.1250
156 0 1 0 21.7830 0.0000
156 1 0 0 23.6990 0.2175
156 0 0 1 100.0190 0.0000
162 0 0 1 100.0010 0.0000
162 0 0 1 100.0350 0.0000
162 0 1 0 14.0510 0.0000
162 0 1 0 39.4990 0.0000
162 0 0 1 100.0670 0.0000
162 1 0 0 22.9010 0.2360
162 0 1 0 14.2780 0.0000
162 0 1 0 19.2140 0.0000
162 0 0 1 100.0910 0.0000
162 0 1 0 25.9890 0.0000
168 1 0 0 23.8840 0.2500
168 1 0 0 26.0190 0.2300
168 1 0 0 23.7190 0.2500
168 0 1 0 16.4480 0.0000
168 1 0 0 21.4700 0.2500
168 0 0 1 100.0170 0.0000
168 1 0 0 23.1670 0.2500
168 0 1 0 21.9830 0.0000
168 1 0 0 24.3780 0.2455
168 1 0 0 24.5670 0.2436
174 0 1 0 16.8180 0.0000
174 0 1 0 23.8730 0.0000
174 1 0 0 22.6190 0.2403
174 0 1 0 19.1390 0.0000
174 1 0 0 23.0490 0.2358
174 0 1 0 13.8070 0.0000
174 1 0 0 20.7710 0.2500
174 0 1 0 51.0890 0.0000
174 0 1 0 19.5130 0.0000
174 1 0 0 21.6870 0.2500
180 0 1 0 29.7480 0.0000
180 0 1 0 17.1740 0.0000
180 1 0 0 24.2240 0.2367
180 0 1 0 18.6830 0.0000
180 1 0 0 23.9570 0.2393
180 1 0 0 24.0560 0.2384
180 1 0 0 24.0990 0.2379
180 1 0 0 25.6910 0.2232
180 1 0 0 22.9250 0.2500
180 0 1 0 14.5270 0.0000
186 0 1 0 40.3370 0.0000
186 1 0 0 25.5980 0.2317
186 1 0 0 27.0650 0.2191
186 1 0 0 22.7040 0.2500
186 1 0 0 23.3610 0.2500
186 0 0 1 100.0450 0.0000
186 0 1 0 17.3950 0.0000
186 0 1 0 15.3360 0.0000
186 0 0 1 100.0990 0.0000
186 1 0 0 25.1400 0.2359
192 0 0 1 100.0490 0.0000
192 0 0 1 100.0960 0.0000
192 0 0 1 100.0000 0.0000
192 0 0 1 100.0380 0.0000
192 1 0 0 26.8250 0.2089
192 0 0 1 100.0060 0.0000
192 1 0 0 25.7910 0.2173
192 0 1 0 12.3450 0.0000
192 0 0 1 100.0950 0.0000
192 0 0 1 100.0350 0.0000
198 1 0 0 20.8080 0.2500
198 1 0 0 19.6810 0.2500
198 0 0 1 100.0480 0.0000
198 1 0 0 17.5190 0.2500
198 1 0 0 21.0680 0.2500
198 0 1 0 64.2250 0.0000
198 1 0 0 18.4080 0.2500
198 1 0 0 23.1300 0.2475
198 1 0 0 21.5790 0.2500
198 1 0 0 21.3910 0.2500
204 0 0 1 100.0560 0.0000
204 1 0 0 24.4970 0.2500
204 0 1 0 14.7730 0.0000
204 0 1 0 19.5310 0.0000
204 1 0 0 23.7810 0.2500
204 1 0 0 24.8190 0.2500
204 0 1 0 18.0190 0.0000
204 1 0 0 23.9060 0.2500
204 1 0 0 21.9630 0.2500
204 0 0 1 100.0690 0.0000
210 0 0 1 100.0250 0.0000
210 1 0 0 20.7280 0.2500
210 1 0 0 20.8320 0.2500
210 1 0 0 21.6280 0.2422
210 1 0 0 19.6370 0.2500
210 1 0 0 18.8660 0.2500
210 0 0 1 100.0220 0.0000
210 1 0 0 28.2570 0.1854
210 0 0 1 100.0610 0.0000
210 1 0 0 18.9940 0.2500
216 0 1 0 14.5650 0.0000
216 0 1 0 18.9810 0.0000
216 0 0 1 100.0940 0.0000
216 0 0 1 100.0940 0.0000
216 1 0 0 18.3330 0.2500
216 0 1 0 20.8700 0.0000
216 0 1 0 14.2480 0.0000
216 1 0 0 8.9600 0.2500
100 0 1 0 4.5790 0.0000
50 1 0 0 12.5500 0.2500
0 0 0 1 100.0790 0.0000
0 0 0 1 100.0210 0.0000
0 0 1 0 41.7890 0.0000
28 0 1 0 26.6720 0.0000
0 1 0 0 21.3470 0.2500
0 0 1 0 19.9540 0.0000
0 1 0 0 47.4140 0.1416
0 0 1 0 18.1680 0.0000
0 0 1 0 17.1730 0.0000
0 1 0 0 56.4320 0.1250
0 1 0 0 20.1360 0.2500
0 0 1 0 26.4100 0.0000
0 0 1 0 26.1250 0.0000
0 0 1 0 45.4000 0.0000
0 1 0 0 19.5470 0.2500
0 1 0 0 20.8190 0.2500
0 0 1 0 13.4330 0.0000
0 1 0 0 20.1020 0.2500
0 0 1 0 14.6190 0.0000
0 1 0 0 19.8460 0.2500
0 0 0 1 100.0530 0.0000
0 0 0 1 100.0960 0.0000
0 1 0 0 19.6450 0.2500
0 1 0 0 19.2800 0.2500
78 1 0 0 20.3520 0.2500
192 0 1 0 18.4340 0.0000
187 1 0 0 20.0630 0.2500
255 0 1 0 17.7100 0.0000
265 1 0 0 22.2460 0.2500
265 0 1 0 24.7560 0.0000
265 1 0 0 26.1480 0.2415
265 1 0 0 28.1420 0.2244
265 1 0 0 25.1160 0.2500
265 1 0 0 25.0220 0.2500
187 1 0 0 41.5200 0.1305
78 1 0 0 34.6130 0.1903
0 0 1 0 19.3500 0.0000
0 0 1 0 11.8580 0.0000
0 1 0 0 21.8500 0.2500
78 1 0 0 21.3180 0.2500
265 1 0 0 24.5480 0.2500
187 1 0 0 18.7080 0.2500
