0 1 0 0 21.5650 0.2500
0 1 0 0 54.1510 0.1250
0 1 0 0 19.4560 0.2500
0 0 0 1 100.0150 0.0000
0 1 0 0 19.8760 0.2500
0 1 0 0 22.9900 0.2500
0 0 0 1 100.1040 0.0000
0 1 0 0 89.4900 0.1250
0 1 0 0 22.5070 0.2500
0 1 0 0 24.6980 0.2500
6 0 1 0 12.5590 0.0000
6 0 0 1 100.0370 0.0000
6 0 0 1 100.0640 0.0000
6 0 0 1 100.0250 0.0000
6 0 0 1 100.0750 0.0000
6 1 0 0 23.1200 0.2500
6 1 0 0 23.2130 0.2500
6 1 0 0 23.2400 0.2500
6 1 0 0 23.9270 0.2500
6 1 0 0 21.7790 0.2500
12 1 0 0 63.7700 0.1250
12 1 0 0 95.5070 0.1250
12 1 0 0 24.5060 0.2405
12 0 0 1 100.0570 0.0000
12 0 0 1 100.0860 0.0000
12 1 0 0 20.5850 0.2500
12 0 0 1 100.0440 0.0000
12 0 1 0 15.7460 0.0000
12 0 1 0 16.8380 0.0000
12 0 1 0 15.5860 0.0000
18 1 0 0 28.5780 0.2021
18 1 0 0 26.0370 0.2218
18 1 0 0 18.7780 0.2500
18 1 0 0 65.5310 0.1250
18 0 0 1 100.0880 0.0000
18 0 0 1 100.0540 0.0000
18 1 0 0 17.0040 0.2500
18 0 0 1 100.0050 0.0000
18 1 0 0 18.4080 0.2500
18 1 0 0 16.9080 0.2500
24 1 0 0 21.6380 0.2500
24 0 1 0 17.3590 0.0000
24 1 0 0 20.6790 0.2500
24 1 0 0 19.7880 0.2500
24 1 0 0 23.0310 0.2500
24 1 0 0 21.9840 0.2500
24 1 0 0 20.3730 0.2500
24 0 0 1 100.0700 0.0000
24 1 0 0 19.8850 0.2500
24 1 0 0 20.5050 0.2500
30 0 0 1 100.1000 0.0000
30 1 0 0 26.9900 0.2194
30 0 0 1 100.0400 0.0000
30 0 0 1 100.0940 0.0000
30 0 1 0 13.2330 0.0000
30 1 0 0 26.4210 0.2241
30 1 0 0 24.6150 0.2405
30 0 0 1 100.0750 0.0000
30 0 1 0 12.5730 0.0000
30 1 0 0 24.6830 0.2399
36 1 0 0 15.8290 0.2500
36 1 0 0 17.7450 0.2500
36 0 0 1 100.0430 0.0000
36 1 0 0 17.7360 0.2500
36 1 0 0 17.6430 0.2500
36 1 0 0 17.3470 0.2500
36 1 0 0 17.3470 0.2500
36 1 0 0 16.4570 0.2500
36 1 0 0 16.9700 0.2500
36 1 0 0 18.0580 0.2500
42 1 0 0 18.6170 0.2500
42 1 0 0 18.5150 0.2500
42 1 0 0 19.3100 0.2500
42 0 0 1 100.0280 0.0000
42 1 0 0 15.4170 0.2500
42 1 0 0 29.3900 0.1949
42 0 0 1 100.0520 0.0000
42 1 0 0 33.4900 0.1710
42 0 0 1 100.0000 0.0000
42 1 0 0 18.3930 0.2500
48 0 1 0 17.6780 0.0000
48 1 0 0 27.2870 0.2091
48 0 1 0 18.9520 0.0000
48 0 0 1 100.0590 0.0000
48 1 0 0 24.5630 0.2500
48 1 0 0 26.9490 0.2117
48 1 0 0 28.4090 0.2009
48 0 1 0 14.5700 0.0000
48 0 0 1 100.0980 0.0000
48 1 0 0 27.7290 0.2058
54 1 0 0 18.0550 0.2500
54 0 0 1 100.0310 0.0000
54 1 0 0 23.6650 0.2392
54 1 0 0 18.1580 0.2500
54 1 0 0 77.0430 0.1250
54 1 0 0 49.2200 0.1250
54 1 0 0 18.0750 0.2500
54 0 0 1 100.0350 0.0000
54 1 0 0 19.2430 0.2500
54 0 0 1 100.0750 0.0000
60 0 0 1 100.0150 0.0000
60 1 0 0 18.9650 0.2500
60 1 0 0 25.2120 0.2208
60 1 0 0 48.1360 0.1250
60 0 0 1 100.0510 0.0000
60 0 0 1 100.0260 0.0000
60 1 0 0 18.8110 0.2500
60 1 0 0 20.3580 0.2500
60 1 0 0 19.6860 0.2500
60 1 0 0 19.5170 0.2500
66 0 1 0 21.0360 0.0000
66 0 0 1 100.0030 0.0000
66 1 0 0 22.8490 0.2355
66 0 0 1 100.0170 0.0000
66 0 1 0 21.4470 0.0000
66 0 0 1 100.0890 0.0000
66 0 1 0 20.3720 0.0000
66 0 1 0 17.4880 0.0000
66 0 1 0 13.4720 0.0000
66 0 1 0 16.1460 0.0000
72 1 0 0 19.8960 0.2500
72 1 0 0 18.3980 0.2500
72 1 0 0 31.2010 0.1703
72 1 0 0 18.2410 0.2500
72 1 0 0 17.5800 0.2500
72 1 0 0 18.3330 0.2500
72 0 0 1 100.1070 0.0000
72 1 0 0 20.0360 0.2500
72 1 0 0 18.8390 0.2500
72 1 0 0 29.2380 0.1818
78 1 0 0 21.2410 0.2500
78 1 0 0 21.1990 0.2500
78 1 0 0 20.9190 0.2500
78 1 0 0 24.1150 0.2500
78 1 0 0 21.2480 0.2500
78 0 0 1 100.0760 0.0000
78 1 0 0 22.0730 0.2500
78 1 0 0 21.0950 0.2500
78 1 0 0 21.2230 0.2500
78 1 0 0 21.4440 0.2500
84 1 0 0 20.8600 0.2500
84 0 0 1 100.0520 0.0000
84 1 0 0 20.7760 0.2500
84 0 0 1 100.0620 0.0000
84 1 0 0 19.8450 0.2500
84 1 0 0 18.9710 0.2500
84 0 0 1 100.0520 0.0000
84 1 0 0 19.5330 0.2500
84 1 0 0 19.3180 0.2500
84 1 0 0 19.6500 0.2500
90 1 0 0 25.5460 0.2206
90 0 0 1 100.0630 0.0000
90 1 0 0 22.9170 0.2459
90 0 0 1 100.0000 0.0000
90 1 0 0 19.1130 0.2500
90 0 1 0 19.6140 0.0000
90 1 0 0 22.9340 0.2458
90 0 0 1 100.0140 0.0000
90 1 0 0 23.7570 0.2372
90 1 0 0 29.2220 0.1929
96 1 0 0 20.6060 0.2500
96 1 0 0 20.7440 0.2500
96 1 0 0 23.4850 0.2318
96 1 0 0 21.8420 0.2492
96 1 0 0 21.8850 0.2487
96 1 0 0 19.6430 0.2500
96 1 0 0 20.5500 0.2500
96 1 0 0 21.0170 0.2500
96 1 0 0 19.0420 0.2500
96 1 0 0 22.6520 0.2403
102 1 0 0 24.3480 0.2160
102 1 0 0 29.4870 0.1784
102 1 0 0 19.6320 0.2500
102 1 0 0 22.2000 0.2370
102 1 0 0 94.2630 0.1250
102 1 0 0 22.2180 0.2368
102 0 0 1 100.0430 0.0000
102 1 0 0 23.3980 0.2248
102 1 0 0 22.6180 0.2326
102 1 0 0 22.1920 0.2370
108 0 0 1 100.0270 0.0000
108 1 0 0 19.5110 0.2500
108 1 0 0 18.3610 0.2500
108 1 0 0 23.1760 0.2300
108 1 0 0 18.9970 0.2500
108 1 0 0 56.9930 0.1250
108 1 0 0 18.9370 0.2500
108 0 0 1 100.0310 0.0000
108 1 0 0 19.3750 0.2500
108 1 0 0 18.4720 0.2500
114 1 0 0 22.0330 0.2500
114 0 1 0 16.0990 0.0000
114 0 1 0 15.2940 0.0000
114 1 0 0 23.8340 0.2500
114 1 0 0 24.8660 0.2498
114 0 1 0 24.0740 0.0000
114 0 0 1 100.0020 0.0000
114 1 0 0 28.6270 0.2170
114 0 1 0 20.6410 0.0000
114 0 1 0 14.6050 0.0000
120 0 1 0 21.1220 0.0000
120 1 0 0 23.8800 0.2446
120 1 0 0 24.5550 0.2378
120 1 0 0 27.0760 0.2157
120 1 0 0 25.6710 0.2275
120 1 0 0 24.1970 0.2414
120 1 0 0 39.6660 0.1472
120 1 0 0 20.0410 0.2500
120 0 0 1 100.0800 0.0000
120 1 0 0 23.9770 0.2436
126 0 0 1 100.0850 0.0000
126 0 1 0 20.4180 0.0000
126 1 0 0 20.9650 0.2500
126 1 0 0 24.2230 0.2305
126 0 0 1 100.0480 0.0000
126 1 0 0 23.3570 0.2390
126 1 0 0 23.0740 0.2420
126 1 0 0 25.0650 0.2227
126 1 0 0 25.0920 0.2225
126 0 0 1 100.0990 0.0000
132 0 1 0 31.8530 0.0000
132 1 0 0 24.0830 0.2304
132 1 0 0 25.1860 0.2203
132 1 0 0 25.9790 0.2135
132 1 0 0 25.4110 0.2500
132 0 1 0 24.7060 0.0000
132 0 1 0 27.0010 0.0000
132 1 0 0 19.0130 0.2500
132 0 1 0 46.5640 0.0000
132 1 0 0 51.4550 0.1250
138 1 0 0 26.7310 0.2500
138 0 0 1 100.0030 0.0000
138 1 0 0 26.7890 0.2500
138 1 0 0 78.7830 0.1250
138 0 1 0 20.6550 0.0000
138 1 0 0 29.7350 0.2294
138 1 0 0 27.2850 0.2500
138 0 1 0 18.4000 0.0000
138 1 0 0 35.0580 0.1946
138 0 0 1 100.0300 0.0000
144 1 0 0 20.7780 0.2500
144 1 0 0 21.2670 0.2500
144 1 0 0 50.1270 0.1250
144 1 0 0 22.0790 0.2475
144 1 0 0 21.2860 0.2500
144 1 0 0 32.3320 0.1690
144 0 0 1 100.0480 0.0000
144 1 0 0 19.7660 0.2500
144 0 1 0 14.4590 0.0000
144 1 0 0 22.9260 0.2384
150 1 0 0 22.6540 0.2388
150 0 1 0 18.8330 0.0000
150 1 0 0 34.4130 0.1572
150 1 0 0 33.6090 0.1610
150 0 1 0 19.0310 0.0000
150 0 0 1 100.0270 0.0000
150 1 0 0 21.9680 0.2463
150 0 1 0 13.8470 0.0000
150 0 1 0 13.3620 0.0000
150 1 0 0 21.8690 0.2474
156 1 0 0 22.3880 0.2302
156 1 0 0 18.4780 0.2500
156 1 0 0 19.6950 0.2500
156 1 0 0 78.5150 0.1250
156 1 0 0 19.5480 0.2500
156 1 0 0 19.2000 0.2500
156 1 0 0 18.0870 0.2500
156 0 0 1 100.0910 0.0000
156 1 0 0 21.0240 0.2500
156 0 0 1 100.0860 0.0000
162 1 0 0 19.0040 0.2500
162 1 0 0 21.8850 0.2470
162 1 0 0 58.2590 0.1250
162 1 0 0 27.2580 0.1983
162 0 1 0 14.0750 0.0000
162 1 0 0 48.1110 0.1250
162 0 0 1 100.0520 0.0000
162 1 0 0 33.3180 0.1622
162 1 0 0 21.7810 0.2482
162 0 0 1 100.0170 0.0000
168 1 0 0 22.8260 0.2500
168 0 1 0 14.3500 0.0000
168 0 0 1 100.1030 0.0000
168 1 0 0 23.3140 0.2500
168 1 0 0 23.6230 0.2500
168 1 0 0 23.1200 0.2500
168 1 0 0 23.8590 0.2500
168 1 0 0 24.9960 0.2394
168 1 0 0 24.7950 0.2414
168 1 0 0 23.6490 0.2500
174 1 0 0 29.1690 0.1863
174 1 0 0 24.7560 0.2195
174 1 0 0 19.6740 0.2500
174 1 0 0 20.2000 0.2500
174 1 0 0 22.7090 0.2393
174 1 0 0 22.4810 0.2418
174 0 1 0 13.0710 0.0000
174 1 0 0 18.5810 0.2500
174 0 1 0 12.7010 0.0000
174 1 0 0 22.1160 0.2458
180 1 0 0 25.0780 0.2286
180 1 0 0 21.8320 0.2500
180 0 1 0 18.8550 0.0000
180 0 1 0 13.2440 0.0000
180 1 0 0 21.6360 0.2500
180 0 1 0 18.2690 0.0000
180 1 0 0 20.0610 0.2500
180 1 0 0 23.1290 0.2479
180 1 0 0 24.0300 0.2386
180 1 0 0 23.3560 0.2455
186 1 0 0 23.2890 0.2500
186 0 0 1 100.0270 0.0000
186 1 0 0 25.3990 0.2335
186 0 1 0 17.0400 0.0000
186 1 0 0 24.2020 0.2450
186 0 0 1 100.0130 0.0000
186 1 0 0 26.4580 0.2241
186 1 0 0 24.6850 0.2402
186 1 0 0 22.5740 0.2500
186 0 0 1 100.0730 0.0000
192 1 0 0 27.4480 0.2042
192 0 1 0 22.6830 0.0000
192 1 0 0 27.9680 0.2004
192 0 1 0 12.3020 0.0000
192 1 0 0 20.0810 0.2500
192 1 0 0 27.1770 0.2062
192 0 1 0 11.8930 0.0000
192 1 0 0 27.2710 0.2055
192 1 0 0 73.4910 0.1250
192 0 1 0 11.5800 0.0000
198 1 0 0 21.4310 0.2500
198 1 0 0 20.0510 0.2500
198 0 0 1 100.0360 0.0000
198 1 0 0 19.3900 0.2500
198 1 0 0 20.0130 0.2500
198 1 0 0 19.0910 0.2500
198 1 0 0 20.2480 0.2500
198 0 0 1 100.0780 0.0000
198 1 0 0 22.0700 0.2500
198 1 0 0 20.0680 0.2500
204 0 1 0 12.9790 0.0000
204 1 0 0 24.1750 0.2500
204 1 0 0 22.0640 0.2500
204 1 0 0 22.2530 0.2500
204 0 0 1 100.0440 0.0000
204 1 0 0 22.6140 0.2500
204 1 0 0 23.8790 0.2500
204 1 0 0 25.0430 0.2500
204 1 0 0 20.8900 0.2500
204 1 0 0 22.3570 0.2500
210 1 0 0 24.2190 0.2163
210 1 0 0 22.6020 0.2318
210 1 0 0 20.7930 0.2500
210 1 0 0 21.4040 0.2448
210 1 0 0 19.7050 0.2500
210 1 0 0 21.5330 0.2433
210 1 0 0 20.2210 0.2500
210 0 0 1 100.0130 0.0000
210 1 0 0 43.2350 0.1250
210 1 0 0 21.7320 0.2411
216 0 1 0 30.7370 0.0000
216 0 1 0 16.4360 0.0000
216 0 1 0 20.6910 0.0000
216 1 0 0 25.8000 0.2191
216 0 1 0 18.6760 0.0000
216 1 0 0 22.4470 0.2500
216 0 1 0 15.2320 0.0000
216 0 1 0 14.1870 0.0000
216 1 0 0 24.2160 0.2500
216 0 1 0 16.1590 0.0000
222 1 0 0 22.2260 0.2453
222 0 1 0 15.7510 0.0000
222 1 0 0 23.1390 0.2356
222 1 0 0 21.4170 0.2500
222 0 0 1 100.0940 0.0000
222 1 0 0 22.7520 0.2397
222 1 0 0 23.8110 0.2290
222 1 0 0 19.1340 0.2500
222 0 0 1 100.0390 0.0000
222 1 0 0 20.9700 0.2500
228 1 0 0 24.8460 0.2500
228 0 0 1 100.0110 0.0000
228 1 0 0 25.8450 0.2500
228 0 1 0 22.4550 0.0000
228 1 0 0 26.2690 0.2413
228 0 0 1 100.0830 0.0000
228 1 0 0 24.2160 0.2500
228 0 1 0 21.2440 0.0000
228 1 0 0 24.7600 0.2500
228 1 0 0 78.0840 0.1250
234 0 0 1 100.0390 0.0000
234 1 0 0 20.4810 0.2500
234 1 0 0 80.7900 0.1250
234 1 0 0 21.3080 0.2500
234 1 0 0 20.7560 0.2500
234 1 0 0 69.2330 0.1250
234 1 0 0 21.0400 0.2500
234 1 0 0 21.4420 0.2500
234 1 0 0 20.9800 0.2500
234 1 0 0 21.2890 0.2500
240 1 0 0 27.4740 0.2332
240 0 1 0 13.5820 0.0000
240 0 1 0 18.1580 0.0000
240 1 0 0 23.1460 0.2500
240 1 0 0 24.5960 0.2500
240 1 0 0 24.5560 0.2500
240 1 0 0 27.3820 0.2340
240 0 1 0 15.6670 0.0000
240 1 0 0 26.0610 0.2458
240 0 0 1 100.0990 0.0000
246 0 1 0 17.5880 0.0000
246 0 1 0 15.9190 0.0000
246 1 0 0 25.8940 0.2111
246 1 0 0 23.2160 0.2354
246 0 1 0 35.7510 0.0000
246 1 0 0 21.9490 0.2490
246 0 1 0 18.4900 0.0000
246 1 0 0 27.9210 0.1957
246 1 0 0 24.6800 0.2214
246 0 1 0 18.8190 0.0000
252 1 0 0 19.1910 0.2500
252 0 0 1 100.0840 0.0000
252 0 0 1 100.0600 0.0000
252 1 0 0 17.4150 0.2500
252 1 0 0 20.5000 0.2500
252 1 0 0 19.6730 0.2500
252 0 0 1 100.0130 0.0000
252 1 0 0 20.4010 0.2500
252 1 0 0 21.4090 0.2418
252 1 0 0 18.9160 0.2500
258 1 0 0 20.9420 0.2500
258 1 0 0 20.8570 0.2500
258 1 0 0 19.7180 0.2500
258 1 0 0 20.7650 0.2500
258 1 0 0 20.2360 0.2500
258 1 0 0 19.9100 0.2500
258 1 0 0 20.3140 0.2500
258 0 0 1 100.0580 0.0000
258 1 0 0 19.3990 0.2500
258 0 0 1 100.0830 0.0000
264 0 1 0 10.5390 0.0000
264 0 0 1 100.0370 0.0000
264 0 0 1 100.0480 0.0000
264 1 0 0 22.0930 0.2500
264 1 0 0 27.2150 0.2213
264 0 0 1 100.0230 0.0000
264 0 0 1 100.0970 0.0000
264 0 1 0 27.8150 0.0000
264 0 0 1 100.0270 0.0000
264 1 0 0 25.4310 0.2368
270 1 0 0 39.1100 0.1511
270 1 0 0 23.2420 0.2500
270 1 0 0 24.8990 0.2374
270 1 0 0 27.4870 0.2150
270 1 0 0 26.2760 0.2249
270 0 1 0 23.7920 0.0000
270 1 0 0 20.8090 0.2500
270 1 0 0 41.1970 0.1435
270 1 0 0 50.1140 0.1250
270 1 0 0 22.3760 0.2500
276 1 0 0 29.1030 0.2176
276 0 1 0 18.2030 0.0000
276 0 0 1 100.0530 0.0000
276 1 0 0 28.3740 0.2231
276 0 1 0 25.6960 0.0000
276 0 1 0 12.3850 0.0000
276 0 1 0 23.5520 0.0000
276 0 1 0 24.1850 0.0000
276 1 0 0 33.6730 0.1880
276 0 1 0 23.4590 0.0000
282 0 1 0 16.2560 0.0000
282 1 0 0 32.5950 0.1886
282 0 1 0 16.7530 0.0000
282 0 0 1 100.0770 0.0000
282 0 1 0 58.1790 0.0000
282 0 1 0 15.4240 0.0000
282 0 1 0 21.1910 0.0000
282 0 1 0 15.5130 0.0000
282 0 1 0 26.2940 0.0000
282 1 0 0 29.0200 0.2119
288 1 0 0 31.8810 0.1937
288 1 0 0 25.1690 0.2453
288 0 1 0 22.7440 0.0000
288 1 0 0 24.5720 0.2500
288 0 1 0 23.3490 0.0000
288 1 0 0 28.9360 0.2134
288 1 0 0 28.3540 0.2177
288 1 0 0 25.7570 0.2397
288 1 0 0 26.5220 0.2328
288 0 0 1 100.0340 0.0000
294 0 0 1 100.0040 0.0000
294 1 0 0 24.1620 0.2414
294 1 0 0 24.6560 0.2366
294 1 0 0 24.3380 0.2397
294 1 0 0 23.0120 0.2500
294 1 0 0 24.1770 0.2413
294 1 0 0 24.7490 0.2357
294 1 0 0 24.5630 0.2375
294 0 1 0 13.5360 0.0000
294 1 0 0 25.1150 0.2323
