0 0 1 0 23.6000 0.0000
0 1 0 0 35.4480 0.1895
0 1 0 0 21.4790 0.2500
0 0 0 1 100.0150 0.0000
0 1 0 0 28.8320 0.2329
0 0 0 1 100.0230 0.0000
0 0 0 1 100.0390 0.0000
0 1 0 0 26.1800 0.2500
0 0 0 1 100.0540 0.0000
0 0 0 1 100.0890 0.0000
6 1 0 0 22.9800 0.2500
6 0 0 1 100.0710 0.0000
6 1 0 0 25.0060 0.2492
6 1 0 0 25.9090 0.2405
6 1 0 0 22.0690 0.2500
6 1 0 0 22.1240 0.2500
6 0 0 1 100.0980 0.0000
6 1 0 0 22.8400 0.2500
6 1 0 0 21.0010 0.2500
6 1 0 0 21.1640 0.2500
12 1 0 0 22.6610 0.2500
12 0 0 1 100.0570 0.0000
12 1 0 0 28.3920 0.2076
12 0 0 1 100.0350 0.0000
12 1 0 0 22.3040 0.2500
12 0 0 1 100.0870 0.0000
12 0 0 1 100.0790 0.0000
12 0 0 1 100.0000 0.0000
12 1 0 0 29.3170 0.2010
12 0 0 1 100.1020 0.0000
18 1 0 0 18.6170 0.2500
18 0 0 1 100.0200 0.0000
18 1 0 0 19.3960 0.2500
18 0 0 1 100.1030 0.0000
18 1 0 0 19.2580 0.2500
18 1 0 0 22.8500 0.2500
18 0 0 1 100.0440 0.0000
18 0 0 1 100.0620 0.0000
18 0 0 1 100.0930 0.0000
18 1 0 0 21.6630 0.2500
24 1 0 0 25.0000 0.2472
24 1 0 0 22.5220 0.2500
24 0 0 1 100.0810 0.0000
24 1 0 0 22.7240 0.2500
24 1 0 0 21.1850 0.2500
24 0 0 1 100.0220 0.0000
24 1 0 0 23.2350 0.2500
24 1 0 0 20.8070 0.2500
24 1 0 0 24.7730 0.2495
24 0 0 1 100.0500 0.0000
30 0 0 1 100.0130 0.0000
30 0 0 1 100.0780 0.0000
30 0 0 1 100.0200 0.0000
30 0 0 1 100.0730 0.0000
30 0 0 1 100.0420 0.0000
30 0 0 1 100.0280 0.0000
30 1 0 0 26.2870 0.2252
30 0 0 1 100.0540 0.0000
30 0 0 1 100.0780 0.0000
30 1 0 0 33.6920 0.1757
36 1 0 0 20.8610 0.2500
36 0 0 1 100.0620 0.0000
36 0 0 1 100.0120 0.0000
36 1 0 0 18.9010 0.2500
36 0 0 1 100.0120 0.0000
36 1 0 0 25.6450 0.2048
36 1 0 0 26.1460 0.2009
36 1 0 0 22.5990 0.2324
36 1 0 0 18.5400 0.2500
36 1 0 0 20.2860 0.2500
42 1 0 0 20.6370 0.2500
42 1 0 0 20.5410 0.2500
42 1 0 0 18.4750 0.2500
42 1 0 0 25.6420 0.2233
42 0 0 1 100.0590 0.0000
42 1 0 0 20.9570 0.2500
42 1 0 0 24.5940 0.2329
42 0 0 1 100.0230 0.0000
42 1 0 0 17.9360 0.2500
42 1 0 0 19.3910 0.2500
48 0 0 1 100.0020 0.0000
48 1 0 0 37.3850 0.1526
48 1 0 0 28.0870 0.2032
48 1 0 0 38.6460 0.1477
48 1 0 0 29.0350 0.1965
48 0 0 1 100.0300 0.0000
48 0 0 1 100.0320 0.0000
48 1 0 0 36.7430 0.1553
48 1 0 0 39.5710 0.1442
48 1 0 0 37.1500 0.1536
54 1 0 0 21.2240 0.2500
54 1 0 0 31.5990 0.1791
54 1 0 0 20.3810 0.2500
54 1 0 0 27.4320 0.2063
54 1 0 0 19.5790 0.2500
54 0 0 1 100.0050 0.0000
54 0 0 1 100.0520 0.0000
54 0 0 1 100.0280 0.0000
54 1 0 0 21.3320 0.2500
54 0 0 1 100.0890 0.0000
60 1 0 0 29.1210 0.1911
60 1 0 0 35.2910 0.1577
60 0 0 1 100.0600 0.0000
60 1 0 0 22.6550 0.2457
60 0 0 1 100.0820 0.0000
60 0 0 1 100.0940 0.0000
60 1 0 0 27.1310 0.2052
60 1 0 0 38.5900 0.1442
60 0 0 1 100.0410 0.0000
60 1 0 0 24.2150 0.2299
66 1 0 0 25.2370 0.2132
66 1 0 0 23.4340 0.2296
66 1 0 0 24.4820 0.2198
66 0 0 1 100.0700 0.0000
66 1 0 0 26.1610 0.2057
66 1 0 0 23.6670 0.2273
66 1 0 0 26.4000 0.2038
66 1 0 0 22.1090 0.2434
66 1 0 0 29.0250 0.1854
66 0 0 1 100.1050 0.0000
72 1 0 0 21.6470 0.2455
72 1 0 0 22.3090 0.2382
72 1 0 0 23.9050 0.2223
72 0 0 1 100.0130 0.0000
72 1 0 0 20.7300 0.2500
72 1 0 0 25.3370 0.2098
72 1 0 0 21.4410 0.2479
72 1 0 0 26.4690 0.2008
72 1 0 0 26.8510 0.1979
72 0 0 1 100.0600 0.0000
78 1 0 0 24.6630 0.2500
78 0 0 1 100.1030 0.0000
78 0 0 1 100.0670 0.0000
78 1 0 0 19.8710 0.2500
78 1 0 0 27.7920 0.2371
78 1 0 0 28.5480 0.2308
78 0 0 1 100.0340 0.0000
78 0 0 1 100.0890 0.0000
78 1 0 0 26.2760 0.2500
78 1 0 0 24.5360 0.2500
84 1 0 0 22.2920 0.2460
84 0 0 1 100.1000 0.0000
84 1 0 0 22.9450 0.2390
84 0 0 1 100.0610 0.0000
84 0 0 1 100.0810 0.0000
84 1 0 0 21.1220 0.2500
84 1 0 0 28.6250 0.1916
84 1 0 0 21.7720 0.2500
84 0 0 1 100.0150 0.0000
84 0 0 1 100.0880 0.0000
90 0 0 1 100.0940 0.0000
90 0 0 1 100.0280 0.0000
90 1 0 0 21.8020 0.2500
90 1 0 0 23.1280 0.2437
90 0 1 0 37.1570 0.0000
90 0 0 1 100.0480 0.0000
90 0 0 1 100.0620 0.0000
90 0 0 1 100.0660 0.0000
90 0 0 1 100.0350 0.0000
90 1 0 0 34.2100 0.1647
96 0 0 1 100.0230 0.0000
96 1 0 0 28.3200 0.1922
96 0 0 1 100.1030 0.0000
96 1 0 0 26.7930 0.2031
96 0 0 1 100.0900 0.0000
96 1 0 0 30.7970 0.1767
96 1 0 0 24.4670 0.2225
96 0 0 1 100.0370 0.0000
96 0 0 1 100.1080 0.0000
96 1 0 0 27.3830 0.1988
102 1 0 0 24.8940 0.2113
102 0 1 0 41.5690 0.0000
102 1 0 0 25.9210 0.2029
102 0 0 1 100.0580 0.0000
102 0 0 1 100.0920 0.0000
102 0 0 1 100.0920 0.0000
102 0 0 1 100.0420 0.0000
102 0 0 1 100.0730 0.0000
102 1 0 0 21.5080 0.2446
102 1 0 0 32.4230 0.1622
108 0 0 1 100.0730 0.0000
108 1 0 0 20.5630 0.2500
108 1 0 0 22.4250 0.2377
108 1 0 0 21.8170 0.2443
108 1 0 0 18.8370 0.2500
108 1 0 0 20.0660 0.2500
108 1 0 0 19.0940 0.2500
108 1 0 0 19.7480 0.2500
108 1 0 0 19.1060 0.2500
108 0 0 1 100.0530 0.0000
114 1 0 0 40.3390 0.1540
114 0 0 1 100.0240 0.0000
114 0 0 1 100.0170 0.0000
114 0 0 1 100.0050 0.0000
114 1 0 0 36.3270 0.1710
114 0 0 1 100.0910 0.0000
114 0 0 1 100.0930 0.0000
114 0 0 1 100.1030 0.0000
114 0 0 1 100.0460 0.0000
114 0 0 1 100.0790 0.0000
120 1 0 0 22.6630 0.2500
120 1 0 0 20.9110 0.2500
120 1 0 0 22.3420 0.2500
120 1 0 0 22.0160 0.2500
120 1 0 0 20.0550 0.2500
120 1 0 0 21.6970 0.2500
120 0 0 1 100.0110 0.0000
120 1 0 0 21.2730 0.2500
120 0 0 1 100.0150 0.0000
120 1 0 0 21.6890 0.2500
126 1 0 0 26.2000 0.2131
126 1 0 0 32.1430 0.1737
126 0 0 1 100.0320 0.0000
126 0 1 0 23.4120 0.0000
126 1 0 0 24.3430 0.2293
126 1 0 0 27.5520 0.2026
126 0 0 1 100.0660 0.0000
126 0 1 0 34.0450 0.0000
126 0 0 1 100.0190 0.0000
126 0 1 0 35.6090 0.0000
132 1 0 0 35.3930 0.1567
132 0 0 1 100.0200 0.0000
132 1 0 0 37.0650 0.1497
132 1 0 0 42.4250 0.1308
132 1 0 0 32.6760 0.1698
132 1 0 0 33.5790 0.1652
132 1 0 0 34.9890 0.1586
132 1 0 0 32.5340 0.1705
132 0 1 0 30.7300 0.0000
132 0 0 1 100.0390 0.0000
138 0 0 1 100.0070 0.0000
138 0 0 1 100.0820 0.0000
138 0 0 1 100.0490 0.0000
138 1 0 0 72.1070 0.1250
138 0 0 1 100.0200 0.0000
138 1 0 0 31.4550 0.2169
138 0 0 1 100.0240 0.0000
138 0 0 1 100.0970 0.0000
138 1 0 0 33.9150 0.2012
138 1 0 0 32.1710 0.2121
144 1 0 0 28.3570 0.1927
144 0 0 1 100.0010 0.0000
144 0 0 1 100.0950 0.0000
144 0 0 1 100.0490 0.0000
144 0 0 1 100.0800 0.0000
144 0 0 1 100.0850 0.0000
144 0 0 1 100.0360 0.0000
144 1 0 0 28.3550 0.1928
144 0 0 1 100.0370 0.0000
144 0 0 1 100.0060 0.0000
150 1 0 0 26.1770 0.2067
150 1 0 0 21.9250 0.2468
150 0 0 1 100.0150 0.0000
150 1 0 0 21.8080 0.2481
150 1 0 0 20.8000 0.2500
150 0 1 0 15.2970 0.0000
150 0 1 0 34.0890 0.0000
150 0 0 1 100.0180 0.0000
150 1 0 0 21.3850 0.2500
150 1 0 0 34.0800 0.1588
156 1 0 0 18.6870 0.2500
156 1 0 0 19.6940 0.2500
156 1 0 0 19.1900 0.2500
156 0 0 1 100.0400 0.0000
156 1 0 0 19.6310 0.2500
156 1 0 0 19.5680 0.2500
156 0 0 1 100.0820 0.0000
156 0 0 1 100.0770 0.0000
156 1 0 0 19.8780 0.2500
156 1 0 0 19.3440 0.2500
162 1 0 0 27.3970 0.1973
162 1 0 0 20.5180 0.2500
162 0 0 1 100.0340 0.0000
162 0 0 1 100.0090 0.0000
162 0 0 1 100.0170 0.0000
162 1 0 0 25.5590 0.2115
162 1 0 0 22.1490 0.2440
162 0 0 1 100.0370 0.0000
162 0 0 1 100.0270 0.0000
162 0 0 1 100.0350 0.0000
168 0 0 1 100.0590 0.0000
168 0 0 1 100.0750 0.0000
168 1 0 0 36.8570 0.1624
168 0 0 1 100.0010 0.0000
168 0 0 1 100.0530 0.0000
168 0 0 1 100.0050 0.0000
168 0 0 1 100.0920 0.0000
168 1 0 0 31.1290 0.1922
168 1 0 0 30.1330 0.1986
168 0 0 1 100.0750 0.0000
174 0 0 1 100.0170 0.0000
174 0 0 1 100.0080 0.0000
174 0 0 1 100.0070 0.0000
174 1 0 0 23.7040 0.2293
174 0 0 1 100.0540 0.0000
174 1 0 0 29.5290 0.1841
174 1 0 0 35.0890 0.1549
174 1 0 0 37.5430 0.1448
174 1 0 0 25.4970 0.2132
174 1 0 0 66.4350 0.1250
180 0 0 1 100.0400 0.0000
180 1 0 0 27.8230 0.2061
180 0 0 1 100.0150 0.0000
180 0 0 1 100.0020 0.0000
180 1 0 0 35.1220 0.1633
180 0 0 1 100.0390 0.0000
180 1 0 0 51.8630 0.1250
180 1 0 0 25.3520 0.2262
180 0 0 1 100.0750 0.0000
180 1 0 0 24.9840 0.2295
186 1 0 0 30.1850 0.1965
186 1 0 0 39.8970 0.1486
186 0 0 1 100.0590 0.0000
186 1 0 0 44.1520 0.1343
186 0 0 1 100.0550 0.0000
186 0 0 1 100.0170 0.0000
186 1 0 0 49.9960 0.1250
186 1 0 0 29.8680 0.1985
186 1 0 0 32.7370 0.1811
186 1 0 0 40.8700 0.1451
192 1 0 0 26.0660 0.2150
192 1 0 0 29.1380 0.1923
192 1 0 0 24.9480 0.2246
192 1 0 0 25.9950 0.2156
192 0 0 1 100.0570 0.0000
192 1 0 0 25.1520 0.2228
192 1 0 0 29.4340 0.1904
192 1 0 0 27.3200 0.2051
192 1 0 0 31.6180 0.1773
192 0 0 1 100.0110 0.0000
198 1 0 0 24.0420 0.2381
198 1 0 0 31.1900 0.1835
198 1 0 0 26.9620 0.2123
198 1 0 0 26.3770 0.2170
198 1 0 0 25.3380 0.2259
198 1 0 0 27.1110 0.2111
198 1 0 0 27.8370 0.2056
198 1 0 0 30.8170 0.1857
198 1 0 0 22.0930 0.2500
198 0 0 1 100.0230 0.0000
204 1 0 0 26.4050 0.2500
204 1 0 0 27.2160 0.2500
204 0 0 1 100.0390 0.0000
204 0 0 1 100.0770 0.0000
204 1 0 0 27.8480 0.2493
204 0 0 1 100.0550 0.0000
204 0 1 0 57.5000 0.0000
204 0 0 1 100.0360 0.0000
204 1 0 0 22.0690 0.2500
204 1 0 0 32.5990 0.2129
210 0 0 1 100.0300 0.0000
210 1 0 0 25.6570 0.2042
210 0 0 1 100.0210 0.0000
210 1 0 0 20.9750 0.2498
210 1 0 0 32.6630 0.1604
210 0 0 1 100.0900 0.0000
210 1 0 0 21.3710 0.2451
210 1 0 0 52.3220 0.1250
210 1 0 0 23.2140 0.2257
210 1 0 0 25.0610 0.2091
216 0 0 1 100.0410 0.0000
216 0 0 1 100.0720 0.0000
216 1 0 0 32.0190 0.1765
216 0 0 1 100.0790 0.0000
216 0 0 1 100.0780 0.0000
216 1 0 0 27.0780 0.2087
216 0 0 1 100.0620 0.0000
216 0 0 1 100.0220 0.0000
216 0 0 1 100.0360 0.0000
216 0 0 1 100.0360 0.0000
222 0 0 1 100.0100 0.0000
222 0 0 1 100.0580 0.0000
222 1 0 0 25.4630 0.2141
222 1 0 0 29.8200 0.1828
222 0 0 1 100.0570 0.0000
222 0 0 1 100.0090 0.0000
222 1 0 0 32.8970 0.1657
222 1 0 0 25.6720 0.2124
222 0 0 1 100.0100 0.0000
222 0 0 1 100.1000 0.0000
228 1 0 0 47.8610 0.1325
228 0 0 1 100.0760 0.0000
228 0 0 1 100.1000 0.0000
228 0 0 1 100.0790 0.0000
228 1 0 0 41.6680 0.1521
228 0 1 0 18.1530 0.0000
228 0 1 0 15.6240 0.0000
228 0 0 1 100.0810 0.0000
228 0 0 1 100.0940 0.0000
228 0 0 1 100.0200 0.0000
234 0 0 1 100.0860 0.0000
234 1 0 0 23.3100 0.2305
234 0 0 1 100.0970 0.0000
234 0 0 1 100.0180 0.0000
234 0 0 1 100.0120 0.0000
234 0 0 1 100.0410 0.0000
234 1 0 0 21.8060 0.2464
234 1 0 0 22.3530 0.2403
234 1 0 0 21.2060 0.2500
234 1 0 0 22.2080 0.2419
240 1 0 0 25.3640 0.2500
240 1 0 0 25.0880 0.2500
240 1 0 0 44.2780 0.1447
240 0 0 1 100.0020 0.0000
240 1 0 0 22.0700 0.2500
240 0 0 1 100.0420 0.0000
240 0 0 1 100.0440 0.0000
240 0 0 1 100.0790 0.0000
240 1 0 0 34.9190 0.1835
240 1 0 0 30.4060 0.2107
246 1 0 0 26.1940 0.2086
246 1 0 0 31.4440 0.1738
246 1 0 0 22.5220 0.2427
246 1 0 0 22.0610 0.2477
246 1 0 0 21.7790 0.2500
246 0 0 1 100.0300 0.0000
246 1 0 0 24.0120 0.2276
246 1 0 0 24.4840 0.2232
246 1 0 0 24.0470 0.2273
246 1 0 0 21.8900 0.2497
252 0 0 1 100.0870 0.0000
252 1 0 0 26.4840 0.1955
252 1 0 0 23.8540 0.2171
252 0 0 1 100.0770 0.0000
252 1 0 0 26.5410 0.1951
252 1 0 0 29.0790 0.1781
252 1 0 0 23.9840 0.2159
252 1 0 0 26.2680 0.1971
252 1 0 0 36.5050 0.1418
252 0 0 1 100.0380 0.0000
258 1 0 0 26.7560 0.2500
258 0 1 0 81.2890 0.0000
258 1 0 0 47.9330 0.1408
258 0 1 0 54.1550 0.0000
258 0 0 1 100.0350 0.0000
258 0 0 1 100.0280 0.0000
258 0 0 1 100.0640 0.0000
258 1 0 0 33.1570 0.2036
258 1 0 0 21.6580 0.2500
258 0 0 1 100.1070 0.0000
264 1 0 0 29.7530 0.2024
264 1 0 0 22.7170 0.2500
264 0 0 1 100.0320 0.0000
264 1 0 0 23.7320 0.2500
264 0 0 1 100.0160 0.0000
264 1 0 0 24.6410 0.2444
264 1 0 0 23.7140 0.2500
264 0 0 1 100.0860 0.0000
264 1 0 0 20.5170 0.2500
264 0 0 1 100.0640 0.0000
270 0 0 1 100.0100 0.0000
270 0 0 1 100.0940 0.0000
270 0 0 1 100.0120 0.0000
270 0 0 1 100.0510 0.0000
270 0 0 1 100.0110 0.0000
270 0 0 1 100.0300 0.0000
270 0 0 1 100.0710 0.0000
270 0 0 1 100.0620 0.0000
270 0 0 1 100.0310 0.0000
270 0 0 1 100.0280 0.0000
276 1 0 0 38.4330 0.1647
276 0 0 1 100.0900 0.0000
276 0 0 1 100.0240 0.0000
276 1 0 0 46.3760 0.1365
276 0 0 1 100.0770 0.0000
276 1 0 0 30.0050 0.2110
276 1 0 0 29.7710 0.2127
276 1 0 0 30.6060 0.2069
276 1 0 0 27.6450 0.2290
276 0 0 1 100.0880 0.0000
282 0 1 0 31.6720 0.0000
282 1 0 0 83.4680 0.1250
282 0 0 1 100.0660 0.0000
282 0 0 1 100.0330 0.0000
282 0 1 0 69.1810 0.0000
282 1 0 0 98.2040 0.1250
282 1 0 0 51.8570 0.1250
282 0 1 0 35.0090 0.0000
282 0 0 1 100.0150 0.0000
282 0 1 0 20.6490 0.0000
288 1 0 0 31.8100 0.1941
288 0 1 0 12.8710 0.0000
288 0 0 1 100.1020 0.0000
288 0 1 0 26.5440 0.0000
288 1 0 0 25.4220 0.2429
288 1 0 0 37.2170 0.1659
288 0 0 1 100.0330 0.0000
288 1 0 0 30.3730 0.2033
288 0 0 1 100.0750 0.0000
288 0 0 1 100.0470 0.0000
294 0 0 1 100.0010 0.0000
294 1 0 0 29.1100 0.2004
294 1 0 0 26.7160 0.2184
294 1 0 0 32.7950 0.1779
294 0 0 1 100.0740 0.0000
294 0 0 1 100.0530 0.0000
294 0 0 1 100.0740 0.0000
294 1 0 0 31.7790 0.1836
294 1 0 0 28.8550 0.2022
294 1 0 0 28.0560 0.2079
